$ 1 0.000005 10.20027730826997 50 5 50
t 608 208 688 208 0 -1 11.9 -0.5756462732497614 100
O 800 128 896 128 1
172 608 208 512 208 0 6 1.9 5 0 0 0.5 V-
i 688 128 688 192 0 0.001
R 688 128 688 80 0 0 40 10 0 0 0.5
a 896 208 1056 208 1 15 -15 1000000
r 896 272 1056 272 0 50000
r 896 352 1056 352 0 50000
r 832 272 832 352 0 100000
w 832 352 896 352 0
w 896 352 896 416 0
w 896 272 896 224 0
w 832 272 896 272 0
w 1056 272 1056 208 0
w 1056 352 1056 432 0
w 896 192 800 192 0
w 800 128 800 192 0
w 800 192 688 192 0
w 816 448 704 448 0
R 704 384 704 336 0 0 40 10 0 0 0.5
i 704 384 704 448 0 0.001
172 624 464 528 464 0 6 1.6 5 0 0 0.5 V
t 624 464 704 464 0 -1 11.6 -0.5756462732497618 100
a 896 432 1056 432 1 15 -15 1000000
w 896 448 816 448 0
a 1216 288 1376 288 1 15 -15 1000000
r 1056 272 1216 272 0 50000
r 1056 352 1216 352 0 50000
r 1216 352 1376 352 0 50000
r 1216 224 1376 224 0 50000
w 1216 224 1216 272 0
w 1216 304 1216 352 0
w 1376 288 1376 224 0
O 1376 288 1472 288 1
O 816 496 912 496 1
w 816 448 816 496 0
R 704 480 704 560 0 0 40 -10 0 0 0.5
R 688 224 688 304 0 0 40 -10 0 0 0.5
172 1376 352 1376 448 0 6 0 5 0 0 0.5 Vref
o 26 64 0 551 10 0.0001953125 0 -1
