$ 1 0.000005 10.200277308269968 50 5 43
r 400 176 512 176 0 10000
r 512 176 624 176 0 10000
g 400 176 352 176 0
R 624 176 720 176 0 0 40 5 0 0 0.5
c 400 208 512 208 0 0.00001 -2.4999999999955596
w 400 176 400 208 0
w 512 208 512 176 0
r 384 352 496 352 0 5000
c 496 352 496 432 0 0.00001 3.7500248622173835
g 496 432 496 480 0
r 496 352 688 352 0 5000
a 816 304 960 304 1 15 -15 1000000
r 816 368 960 368 0 30000
w 960 368 960 304 0
w 816 320 816 352 0
w 816 352 688 352 0
w 816 352 816 368 0
w 816 288 512 288 0
w 512 288 512 208 0
O 960 304 1152 304 1
R 384 352 288 352 0 0 40 5 0 0 0.5
