$ 1 0.000005 21.593987231061412 50 5 43
r 528 384 640 384 0 5000
c 640 384 640 464 0 0.00001 -0.000049994918331925555
g 640 464 640 512 0
r 640 384 832 384 0 5000
a 960 336 1104 336 1 15 -15 1000000
r 960 400 1104 400 0 40000
w 1104 400 1104 336 0
w 960 352 960 384 0
w 960 384 832 384 0
w 960 384 960 400 0
O 1104 336 1296 336 1
R 528 384 432 384 0 0 40 0 0 0 0.5
R 240 144 176 144 0 0 40 10 0 0 0.5
R 240 304 176 304 0 0 40 -10 0 0 0.5
g 240 224 176 224 0
r 240 224 336 224 0 3000
r 336 224 336 304 0 9000
w 240 304 336 304 0
g 960 320 960 192 0
a 560 192 688 192 1 10 -10 1000000
w 336 224 336 176 0
w 336 176 560 176 0
w 560 208 560 240 0
w 560 240 688 240 0
w 688 192 688 240 0
r 688 192 832 192 0 10000
w 832 192 832 384 0
