$ 1 0.000005 1.3241202019156524 69 5 43
r 1408 128 1520 128 0 10000
r 1520 128 1632 128 0 10000
g 1408 128 1360 128 0
R 1632 128 1728 128 0 0 40 5 0 0 0.5
c 1408 160 1520 160 0 0.00001 -2.499999999995559
w 1408 128 1408 160 0
w 1520 160 1520 128 0
r 320 560 432 560 0 5000
c 432 560 432 640 0 1e-8 2.499999999997784
g 432 640 432 688 0
r 432 560 624 560 0 5000
a 752 512 896 512 1 15 -15 1000000
r 752 576 896 576 0 10000
w 896 576 896 512 0
w 752 528 752 560 0
w 752 560 624 560 0
w 752 560 752 576 0
w 1520 240 1520 160 0
R 320 560 224 560 0 0 40 2.5 0 0 0.5
R 144 352 48 352 0 0 40 5 0 0 0.5
r 432 352 624 352 0 5000
g 256 432 256 480 0
c 256 352 256 432 0 1e-8 3.7499999999977796
r 144 352 256 352 0 5000
a 1008 496 1152 496 0 15 -15 1000000
w 896 512 1008 512 0
t 1184 608 1264 608 0 -1 -0.692308182040977 -0.692315105109467 100
t 1184 448 1264 448 0 1 -5.692308182040977 -0.692315105109467 100
w 1184 496 1184 448 0
w 1152 496 1184 496 0
w 1184 496 1184 608 0
w 1264 592 1312 592 0
w 1312 592 1312 464 0
w 1264 464 1312 464 0
w 1008 480 1008 352 0
w 1008 352 1312 352 0
w 1312 352 1312 464 0
g 1376 624 1376 672 0
R 1376 336 1472 336 0 0 40 5 0 0 0.5
w 1264 624 1376 624 0
w 1264 432 1376 432 0
w 1376 432 1376 336 0
t 1616 464 1520 464 0 1 -1.8250384028730782 0.6749933467473341 100
t 1616 608 1520 608 0 -1 3.174961597126922 0.6749933467473341 100
w 1376 432 1520 432 0
w 1520 432 1520 448 0
w 1520 480 1520 592 0
w 1520 624 1376 624 0
a 1840 544 1760 544 1 15 -15 1000000
w 1760 544 1616 544 0
w 1616 544 1616 608 0
w 1616 544 1616 464 0
w 1520 592 1456 592 0
w 1456 592 1456 656 0
w 1456 656 1840 656 0
w 1840 656 1840 560 0
w 624 352 624 560 0
w 432 352 256 352 0
w 1840 528 1840 240 0
w 1840 240 1520 240 0
w 1520 240 752 240 0
w 752 240 752 496 0
r 1344 528 1456 528 0 47
w 1520 480 1456 480 0
w 1456 480 1456 528 0
w 1344 528 1344 464 0
w 1344 464 1312 464 0
p 1344 560 1456 560 1
w 1456 560 1456 528 0
w 1344 560 1344 528 0
O 1008 512 1008 608 1
